"Time(s)"	"Absorbance (AU)"
       1.2	     0.417207
      31.8	     0.412534
      61.7	     0.411727
      91.7	     0.410636
     121.7	     0.410710
     151.7	     0.408965
     181.7	     0.406148
     211.7	     0.407832
     241.7	     0.404187
     271.7	     0.402919
     301.7	     0.401912
     331.7	     0.399222
     361.7	     0.399727
     391.7	     0.398833
     421.7	     0.398243
     451.7	     0.395591
     481.7	     0.398116
     511.7	     0.395384
     541.7	     0.394083
     571.7	     0.391971
     601.7	     0.390492
     631.7	     0.390550
     661.7	     0.389955
     691.7	     0.387798
     721.7	     0.387846
     751.7	     0.385800
     781.7	     0.382938
     811.7	     0.382006
     841.7	     0.381512
     871.7	     0.381675
     901.7	     0.380144
     931.7	     0.377337
     961.7	     0.376435
     991.7	     0.375955
    1021.7	     0.374657
    1051.7	     0.373726
    1081.7	     0.371094
    1111.7	     0.372156
    1141.7	     0.369799
    1171.7	     0.369864
    1201.7	     0.367055
    1231.7	     0.366007
    1261.7	     0.365281
    1291.7	     0.363505
    1321.7	     0.362678
    1351.7	     0.361070
    1381.7	     0.361456
    1411.7	     0.358327
    1441.7	     0.358066
    1471.7	     0.355906
    1501.7	     0.354587
    1531.7	     0.353674
    1561.7	     0.352581
    1591.7	     0.350632
    1621.7	     0.348946
    1651.7	     0.349200
    1681.7	     0.349162
    1711.7	     0.345760
    1741.7	     0.344758
    1771.7	     0.343918
    1801.7	     0.342951
    1831.7	     0.339784
    1861.7	     0.339600
    1891.7	     0.337049
    1921.7	     0.337588
    1951.7	     0.335454
    1981.7	     0.333094
    2011.7	     0.331451
    2041.6	     0.330121
    2071.6	     0.329350
    2101.6	     0.328627
    2131.6	     0.327194
    2161.6	     0.327429
    2191.6	     0.323757
    2221.6	     0.323134
    2251.6	     0.321187
    2281.6	     0.319221
    2311.6	     0.317992
    2341.6	     0.315891
    2371.6	     0.315332
    2401.6	     0.313539
    2431.6	     0.312186
    2461.6	     0.311593
    2491.6	     0.309937
    2521.6	     0.308406
    2551.6	     0.306468
    2581.6	     0.307406
    2611.6	     0.305081
    2641.6	     0.302784
    2671.6	     0.302260
    2701.6	     0.301847
    2731.6	     0.298624
    2761.6	     0.297355
    2791.6	     0.298096
    2821.6	     0.296651
    2851.6	     0.294050
    2881.6	     0.292765
    2911.6	     0.291039
    2941.6	     0.289808
    2971.6	     0.288162
    3001.6	     0.287282
    3031.6	     0.285740
    3061.6	     0.284212
    3091.6	     0.282890
    3121.6	     0.281342
    3151.6	     0.280310
    3181.6	     0.279930
    3211.6	     0.278294
    3241.6	     0.276859
    3271.6	     0.275266
    3301.6	     0.274182
    3331.6	     0.273355
    3361.6	     0.271432
    3391.6	     0.271094
    3421.6	     0.268678
    3451.6	     0.267762
    3481.6	     0.266697
    3511.6	     0.266275
    3541.6	     0.264154
    3571.6	     0.263231
    3601.6	     0.260333
    3631.6	     0.260405
    3661.6	     0.258916
    3691.6	     0.257805
    3721.6	     0.255559
    3751.6	     0.256395
    3781.6	     0.253882
    3811.6	     0.252087
    3841.6	     0.252270
    3871.6	     0.250520
    3901.6	     0.249587
    3931.6	     0.247183
    3961.6	     0.247144
    3991.6	     0.246442
    4021.5	     0.244747
    4051.5	     0.242012
    4081.5	     0.243500
    4111.5	     0.241687
    4141.5	     0.239267
    4171.5	     0.239236
    4201.5	     0.237383
    4231.5	     0.237761
    4261.5	     0.235654
    4291.5	     0.234642
    4321.5	     0.234688
    4351.5	     0.232007
    4381.5	     0.230844
    4411.5	     0.229858
    4441.5	     0.228855
    4471.5	     0.228376
    4501.5	     0.226443
    4531.5	     0.225213
    4561.5	     0.223259
    4591.5	     0.222888
    4621.5	     0.222397
    4651.5	     0.220854
    4681.5	     0.220130
    4711.5	     0.217983
    4741.5	     0.216113
    4771.5	     0.215714
    4801.5	     0.215062
    4831.5	     0.214397
    4861.5	     0.212923
    4891.5	     0.211260
    4921.5	     0.211491
    4951.5	     0.210021
    4981.5	     0.208554
    5011.5	     0.207378
    5041.5	     0.206593
    5071.5	     0.205193
    5101.5	     0.205065
    5131.5	     0.202855
    5161.5	     0.202014
    5191.5	     0.201946
    5221.5	     0.199087
    5251.5	     0.198495
    5281.5	     0.198209
    5311.5	     0.197636
    5341.5	     0.196414
    5371.5	     0.195271
    5401.5	     0.194462
    5431.5	     0.193154
    5461.5	     0.191759
    5491.5	     0.191226
    5521.5	     0.190243
    5551.5	     0.190023
    5581.5	     0.188249
    5611.5	     0.188169
    5641.5	     0.186544
    5671.5	     0.186095
    5701.5	     0.183914
    5731.5	     0.183041
    5761.5	     0.182501
    5791.5	     0.182427
    5821.5	     0.180388
    5851.5	     0.180119
    5881.5	     0.178955
    5911.5	     0.177242
    5941.5	     0.177498
    5971.5	     0.175325
    6001.5	     0.175386
    6031.4	     0.173621
    6061.4	     0.173097
    6091.4	     0.172352
    6121.4	     0.171803
    6151.4	     0.169615
    6181.4	     0.169772
    6211.4	     0.168259
    6241.4	     0.168211
    6271.4	     0.167384
    6301.4	     0.166149
    6331.4	     0.164775
    6361.4	     0.164449
    6391.4	     0.163248
    6421.4	     0.162320
    6451.4	     0.161702
    6481.4	     0.161267
    6511.4	     0.159778
    6541.4	     0.159792
    6571.4	     0.158520
    6601.4	     0.157231
    6631.4	     0.156575
    6661.4	     0.155817
    6691.4	     0.154290
    6721.4	     0.155650
    6751.4	     0.153617
    6781.4	     0.153253
    6811.4	     0.151521
    6841.4	     0.150425
    6871.4	     0.148966
    6901.4	     0.148766
    6931.4	     0.148127
    6961.4	     0.147404
    6991.4	     0.147444
    7021.4	     0.146986
    7051.3	     0.145296
    7081.3	     0.143969
    7111.3	     0.143189
    7141.3	     0.142884
    7171.3	     0.142433
    7201.3	     0.142034
    7231.3	     0.140613
    7261.3	     0.139086
    7291.3	     0.138802
    7321.3	     0.138497
    7351.3	     0.137132
    7381.3	     0.135400
    7411.3	     0.135508
    7441.3	     0.134201
    7471.3	     0.133821
    7501.3	     0.134186
    7531.3	     0.132669
    7561.3	     0.131817
    7591.3	     0.132029
    7621.3	     0.130937
    7651.3	     0.129756
    7681.3	     0.128671
    7711.3	     0.128789
    7741.3	     0.128056
    7771.3	     0.126956
    7801.3	     0.126878
    7831.3	     0.126328
    7861.3	     0.124586
    7891.3	     0.124088
    7921.3	     0.124380
    7951.3	     0.122620
    7981.3	     0.122614
    8011.3	     0.122234
    8041.3	     0.121100
    8071.3	     0.120359
    8101.3	     0.119396
    8131.3	     0.118443
    8161.3	     0.118833
    8191.3	     0.117841
    8221.3	     0.116697
    8251.3	     0.116182
    8281.3	     0.115924
    8311.3	     0.114717
    8341.3	     0.114505
    8371.3	     0.114141
    8401.3	     0.113116
    8431.3	     0.111850
    8461.3	     0.112485
    8491.3	     0.111266
    8521.3	     0.111060
    8551.3	     0.109777
    8581.3	     0.109178
    8611.3	     0.108899
    8641.3	     0.108731
    8671.3	     0.106874
    8701.3	     0.106780
    8731.3	     0.105726
    8761.3	     0.106384
    8791.3	     0.105428
    8821.3	     0.103892
    8851.3	     0.104211
    8881.3	     0.102922
    8911.3	     0.102215
    8941.3	     0.102076
    8971.3	     0.100974
    9001.3	     0.101063
    9031.3	     0.100153
    9061.2	   9.93638E-2
    9091.2	   9.93524E-2
    9121.2	   9.79156E-2
    9151.2	   9.72691E-2
    9181.2	   9.61761E-2
    9211.2	   9.63526E-2
    9241.2	   9.62334E-2
    9271.2	   9.53217E-2
    9301.2	   9.52811E-2
    9331.2	   9.40471E-2
    9361.2	   9.36098E-2
    9391.2	   9.38492E-2
    9421.2	   9.30300E-2
    9451.2	   9.17611E-2
    9481.2	   9.17397E-2
    9511.2	   9.04684E-2
    9541.2	   9.04827E-2
    9571.2	   8.97956E-2
    9601.2	   9.00760E-2
    9631.2	   8.96063E-2
    9661.2	   8.90303E-2
    9691.2	   8.83512E-2
    9721.2	   8.74128E-2
    9751.2	   8.72741E-2
    9781.2	   8.68564E-2
    9811.2	   8.59447E-2
    9841.2	   8.63290E-2
    9871.2	   8.48861E-2
    9901.2	   8.44183E-2
    9931.2	   8.40888E-2
    9961.2	   8.36129E-2
    9991.2	   8.26240E-2
   10021.2	   8.21166E-2
   10051.2	   8.20117E-2
   10111.2	   8.07638E-2
   10231.2	   7.91245E-2
   10471.2	   7.46384E-2
   10951.2	   6.75330E-2
   11911.1	   5.49431E-2
   13831.0	   3.45244E-2
