"Time(s)"	"Absorbance (AU)"
       1.2	     0.419933
      31.7	     0.420555
      61.7	     0.419050
      91.7	     0.418014
     121.7	     0.418819
     151.7	     0.418802
     181.7	     0.417386
     211.7	     0.417087
     241.7	     0.417331
     271.7	     0.414422
     301.7	     0.414021
     331.7	     0.416478
     361.7	     0.415546
     391.7	     0.412936
     421.7	     0.414666
     451.7	     0.410618
     481.7	     0.411316
     511.7	     0.411283
     541.7	     0.410496
     571.7	     0.410537
     601.7	     0.409526
     631.7	     0.409115
     661.7	     0.409674
     691.7	     0.409119
     721.7	     0.408663
     751.7	     0.407743
     781.7	     0.406903
     811.7	     0.406564
     841.7	     0.405975
     871.7	     0.405366
     901.7	     0.405115
     931.7	     0.405550
     961.7	     0.403306
     991.7	     0.403803
    1021.7	     0.401867
    1051.7	     0.401853
    1081.7	     0.402352
    1111.7	     0.400286
    1141.7	     0.399643
    1171.7	     0.399309
    1201.7	     0.400264
    1231.7	     0.398698
    1261.7	     0.400004
    1291.7	     0.399737
    1321.7	     0.396213
    1351.7	     0.398833
    1381.7	     0.396645
    1411.7	     0.396644
    1441.7	     0.395578
    1471.7	     0.395832
    1501.7	     0.394783
    1531.7	     0.394924
    1561.7	     0.395334
    1591.7	     0.393999
    1621.7	     0.392079
    1651.7	     0.392097
    1681.7	     0.392965
    1711.7	     0.393528
    1741.7	     0.391697
    1771.7	     0.392247
    1801.7	     0.390947
    1831.7	     0.390421
    1861.7	     0.390347
    1891.7	     0.389182
    1921.7	     0.389208
    1951.7	     0.389147
    1981.7	     0.388480
    2011.6	     0.388248
    2041.6	     0.388627
    2071.6	     0.386796
    2101.6	     0.385792
    2131.6	     0.384738
    2161.6	     0.386594
    2191.6	     0.385127
    2221.6	     0.384819
    2251.6	     0.384764
    2281.6	     0.383394
    2311.6	     0.381581
    2341.6	     0.383512
    2371.6	     0.383128
    2401.6	     0.381443
    2431.6	     0.380759
    2461.6	     0.380989
    2491.6	     0.380327
    2521.6	     0.379642
    2551.6	     0.379088
    2581.6	     0.378283
    2611.6	     0.379085
    2641.6	     0.377986
    2671.6	     0.377626
    2701.6	     0.377815
    2731.6	     0.377817
    2761.6	     0.376244
    2791.6	     0.374521
    2821.6	     0.376312
    2851.6	     0.375460
    2881.6	     0.375031
    2911.6	     0.375006
    2941.6	     0.375419
    2971.6	     0.373846
    3001.6	     0.373763
    3031.6	     0.372390
    3061.6	     0.371712
    3091.6	     0.371973
    3121.6	     0.371447
    3151.6	     0.373235
    3181.6	     0.371024
    3211.6	     0.370279
    3241.6	     0.371455
    3271.6	     0.369156
    3301.6	     0.368219
    3331.6	     0.368428
    3361.6	     0.369038
    3391.6	     0.366477
    3421.6	     0.367594
    3451.6	     0.366461
    3481.6	     0.366557
    3511.6	     0.365559
    3541.6	     0.365035
    3571.6	     0.365440
    3601.6	     0.363549
    3631.6	     0.364146
    3661.6	     0.364477
    3691.6	     0.363437
    3721.6	     0.362449
    3751.6	     0.363755
    3781.6	     0.363000
    3811.6	     0.362527
    3841.6	     0.361009
    3871.6	     0.361272
    3901.6	     0.360236
    3931.6	     0.360381
    3961.6	     0.359788
    3991.5	     0.359915
    4021.5	     0.358462
    4051.5	     0.358741
    4081.5	     0.357643
    4111.5	     0.358679
    4141.5	     0.359068
    4171.5	     0.356772
    4201.5	     0.357718
    4231.5	     0.355884
    4261.5	     0.355095
    4291.5	     0.355629
    4321.5	     0.355744
    4351.5	     0.354948
    4381.5	     0.355253
    4411.5	     0.352901
    4441.5	     0.353979
    4471.5	     0.353841
    4501.5	     0.352441
    4531.5	     0.351130
    4561.5	     0.351826
    4591.5	     0.352073
    4621.5	     0.350273
    4651.5	     0.350065
    4681.5	     0.350194
    4711.5	     0.349331
    4741.5	     0.348792
    4771.5	     0.350264
    4801.5	     0.348590
    4831.5	     0.348002
    4861.5	     0.347557
    4891.5	     0.346655
    4921.5	     0.346870
    4951.5	     0.345987
    4981.5	     0.347317
    5011.5	     0.345569
    5041.5	     0.345986
    5071.5	     0.345554
    5101.5	     0.346157
    5131.5	     0.342334
    5161.5	     0.343013
    5191.5	     0.342971
    5221.5	     0.343235
    5251.5	     0.343056
    5281.5	     0.341843
    5311.5	     0.342476
    5341.5	     0.340940
    5371.5	     0.341115
    5401.5	     0.340982
    5431.5	     0.340204
    5461.5	     0.340550
    5491.5	     0.339488
    5521.5	     0.339517
    5551.5	     0.338623
    5581.5	     0.339199
    5611.5	     0.338198
    5641.5	     0.337044
    5671.5	     0.337214
    5701.5	     0.336603
    5731.5	     0.338236
    5761.5	     0.336423
    5791.5	     0.337056
    5821.5	     0.334749
    5851.5	     0.334692
    5881.5	     0.334123
    5911.5	     0.334627
    5941.5	     0.334880
    5971.5	     0.332546
    6001.4	     0.333395
    6031.4	     0.332840
    6061.4	     0.331464
    6091.4	     0.332685
    6121.4	     0.332380
    6151.4	     0.331205
    6181.4	     0.330688
    6211.4	     0.330436
    6241.4	     0.330182
    6271.4	     0.329502
    6301.4	     0.329062
    6331.4	     0.327591
    6361.4	     0.328432
    6391.4	     0.328584
    6421.4	     0.329287
    6451.4	     0.327869
    6481.4	     0.327417
    6511.4	     0.326642
    6541.4	     0.326729
    6571.4	     0.324783
    6601.4	     0.325210
    6631.4	     0.324261
    6661.4	     0.324213
    6691.4	     0.323316
    6721.4	     0.323513
    6751.4	     0.322924
    6781.4	     0.322614
    6811.4	     0.320831
    6841.4	     0.322554
    6871.4	     0.321679
    6901.4	     0.320795
    6931.4	     0.320613
    6961.4	     0.321268
    6991.3	     0.320561
    7021.3	     0.319230
    7051.3	     0.319963
    7081.3	     0.319547
    7111.3	     0.318932
    7141.3	     0.317646
    7171.3	     0.318188
    7201.3	     0.318061
    7231.3	     0.318547
    7261.3	     0.316134
    7291.3	     0.316665
    7321.3	     0.316552
    7351.3	     0.314071
    7381.3	     0.315995
    7411.3	     0.316200
    7441.3	     0.315578
    7471.3	     0.313949
    7501.3	     0.313600
    7531.3	     0.313520
    7561.3	     0.313729
    7591.3	     0.312723
    7621.3	     0.312515
    7651.3	     0.311666
    7681.3	     0.312237
    7711.3	     0.310311
    7741.3	     0.311234
    7771.3	     0.309932
    7801.3	     0.309572
    7831.3	     0.310340
    7861.3	     0.309763
    7891.3	     0.308585
    7921.3	     0.308618
    7951.3	     0.309147
    7981.3	     0.308141
    8011.3	     0.307455
    8041.3	     0.307209
    8071.3	     0.307495
    8101.3	     0.306627
    8131.3	     0.305624
    8161.3	     0.305668
    8191.3	     0.305210
    8221.3	     0.303826
    8251.3	     0.305195
    8281.3	     0.304840
    8311.3	     0.302940
    8341.3	     0.304211
    8371.3	     0.304329
    8401.3	     0.302426
    8431.3	     0.302007
    8461.3	     0.301733
    8491.3	     0.301769
    8521.3	     0.299477
    8551.3	     0.301475
    8581.3	     0.301073
    8611.3	     0.300759
    8641.3	     0.300123
    8671.3	     0.298352
    8701.3	     0.298873
    8731.3	     0.300163
    8761.3	     0.298821
    8791.3	     0.299596
    8821.3	     0.297083
    8851.3	     0.296482
    8881.3	     0.297066
    8911.3	     0.296880
    8941.3	     0.295635
    8971.3	     0.295444
    9001.2	     0.295439
    9031.2	     0.295123
    9061.2	     0.294160
    9091.2	     0.293284
    9121.2	     0.293542
    9151.2	     0.293984
    9181.2	     0.292758
    9211.2	     0.292856
    9241.2	     0.292394
    9271.2	     0.292367
    9301.2	     0.292497
    9331.2	     0.290343
    9361.2	     0.290430
    9391.2	     0.290015
    9421.2	     0.290605
    9451.2	     0.289719
    9481.2	     0.288165
    9511.2	     0.288850
    9541.2	     0.288844
    9571.2	     0.288057
    9601.2	     0.287456
    9631.2	     0.288485
    9661.2	     0.286612
    9691.2	     0.286358
    9721.2	     0.285869
    9751.2	     0.285845
    9781.2	     0.285325
    9811.2	     0.284119
    9841.2	     0.285221
    9871.2	     0.284158
    9901.2	     0.283307
    9931.2	     0.283555
    9961.2	     0.283950
    9991.2	     0.283369
   10021.2	     0.283485
   10051.2	     0.283685
   10111.2	     0.281115
   10231.2	     0.279921
   10471.2	     0.278698
   10951.2	     0.272679
   11911.1	     0.260154
   13831.0	     0.239878
